country_iso3,indicator_id,item,element,product_slug,year,value,unit,source_dataset,n_editions_reporting,notes
IRN,eggs__production,Hen eggs in shell,Production,eggs,1996,486000.0,t,cbi-annual-review-livestock-table,1,
IRN,eggs__production,Hen eggs in shell,Production,eggs,1997,470000.0,t,cbi-annual-review-livestock-table,2,
IRN,eggs__production,Hen eggs in shell,Production,eggs,1998,625000.0,t,cbi-annual-review-livestock-table,3,
IRN,eggs__production,Hen eggs in shell,Production,eggs,1999,570000.0,t,cbi-annual-review-livestock-table,5,"Reported in 5 edition(s), median used. Values: cbi_annual_review_1379_2000-01=-8.8; cbi_annual_review_1379_2000-01=570.0; cbi_annual_review_1380_2001-02=570.0; cbi_annual_review_1381_2002-03=570.0; cbi_annual_review_1382_2003-04=570.0"
IRN,eggs__production,Hen eggs in shell,Production,eggs,2000,580000.0,t,cbi-annual-review-livestock-table,7,"Reported in 7 edition(s), median used. Values: cbi_annual_review_1379_2000-01=1.8; cbi_annual_review_1379_2000-01=580.0; cbi_annual_review_1380_2001-02=1.8; cbi_annual_review_1380_2001-02=580.0; cbi_annual_review_1381_2002-03=580.0; cbi_annual_review_1382_2003-04=580.0; cbi_annual_review_1383_2004-05=580.0"
IRN,eggs__production,Hen eggs in shell,Production,eggs,2001,581000.0,t,cbi-annual-review-livestock-table,7,"Reported in 7 edition(s), median used. Values: cbi_annual_review_1380_2001-02=0.2; cbi_annual_review_1380_2001-02=581.0; cbi_annual_review_1381_2002-03=0.2; cbi_annual_review_1381_2002-03=581.0; cbi_annual_review_1382_2003-04=581.0; cbi_annual_review_1383_2004-05=581.0; cbi_annual_review_1384_2005-06=581.0"
IRN,eggs__production,Hen eggs in shell,Production,eggs,2002,547000.0,t,cbi-annual-review-livestock-table,7,"Reported in 7 edition(s), median used. Values: cbi_annual_review_1381_2002-03=-5.8; cbi_annual_review_1381_2002-03=547.0; cbi_annual_review_1382_2003-04=-5.8; cbi_annual_review_1382_2003-04=547.0; cbi_annual_review_1383_2004-05=547.0; cbi_annual_review_1384_2005-06=547.0; cbi_annual_review_1385_2006-07=547.0"
IRN,eggs__production,Hen eggs in shell,Production,eggs,2003,629000.0,t,cbi-annual-review-livestock-table,7,"Reported in 7 edition(s), median used. Values: cbi_annual_review_1382_2003-04=15.0; cbi_annual_review_1382_2003-04=629.0; cbi_annual_review_1383_2004-05=15.0; cbi_annual_review_1383_2004-05=629.0; cbi_annual_review_1384_2005-06=629.0; cbi_annual_review_1385_2006-07=629.0; cbi_annual_review_1386_2007-08=629.0"
IRN,eggs__production,Hen eggs in shell,Production,eggs,2004,655000.0,t,cbi-annual-review-livestock-table,7,"Reported in 7 edition(s), median used. Values: cbi_annual_review_1383_2004-05=2.5; cbi_annual_review_1383_2004-05=645.0; cbi_annual_review_1384_2005-06=4.1; cbi_annual_review_1384_2005-06=655.0; cbi_annual_review_1385_2006-07=655.0; cbi_annual_review_1386_2007-08=655.0; cbi_annual_review_1387_2008-09=655.0"
IRN,eggs__production,Hen eggs in shell,Production,eggs,2005,758000.0,t,cbi-annual-review-livestock-table,7,"Reported in 7 edition(s), median used. Values: cbi_annual_review_1384_2005-06=15.9; cbi_annual_review_1384_2005-06=759.0; cbi_annual_review_1385_2006-07=15.7; cbi_annual_review_1385_2006-07=758.0; cbi_annual_review_1386_2007-08=758.0; cbi_annual_review_1387_2008-09=758.0; cbi_annual_review_1388_2009-10=758.0"
IRN,eggs__production,Hen eggs in shell,Production,eggs,2006,677000.0,t,cbi-annual-review-livestock-table,7,"Reported in 7 edition(s), median used. Values: cbi_annual_review_1385_2006-07=-10.7; cbi_annual_review_1385_2006-07=677.0; cbi_annual_review_1386_2007-08=-10.7; cbi_annual_review_1386_2007-08=677.0; cbi_annual_review_1387_2008-09=677.0; cbi_annual_review_1388_2009-10=677.0; cbi_annual_review_1389_2010-11=677.0"
IRN,eggs__production,Hen eggs in shell,Production,eggs,2007,703000.0,t,cbi-annual-review-livestock-table,7,"Reported in 7 edition(s), median used. Values: cbi_annual_review_1386_2007-08=3.8; cbi_annual_review_1386_2007-08=703.0; cbi_annual_review_1387_2008-09=3.9; cbi_annual_review_1387_2008-09=703.0; cbi_annual_review_1388_2009-10=703.0; cbi_annual_review_1389_2010-11=703.0; cbi_annual_review_1390_2011-12=703.0"
IRN,eggs__production,Hen eggs in shell,Production,eggs,2008,727000.0,t,cbi-annual-review-livestock-table,7,"Reported in 7 edition(s), median used. Values: cbi_annual_review_1387_2008-09=3.4; cbi_annual_review_1387_2008-09=727.0; cbi_annual_review_1388_2009-10=3.4; cbi_annual_review_1388_2009-10=727.0; cbi_annual_review_1389_2010-11=727.0; cbi_annual_review_1390_2011-12=727.0; cbi_annual_review_1391_2012-13=727.0"
IRN,eggs__production,Hen eggs in shell,Production,eggs,2009,751000.0,t,cbi-annual-review-livestock-table,8,"Reported in 8 edition(s), median used. Values: cbi_annual_review_1388_2009-10=3.3; cbi_annual_review_1388_2009-10=751.0; cbi_annual_review_1389_2010-11=3.4; cbi_annual_review_1389_2010-11=5.8; cbi_annual_review_1389_2010-11=751.0; cbi_annual_review_1390_2011-12=751.0; cbi_annual_review_1391_2012-13=751.0; cbi_annual_review_1392_2013-14=751.0"
IRN,eggs__production,Hen eggs in shell,Production,eggs,2010,767000.0,t,cbi-annual-review-livestock-table,9,"Reported in 9 edition(s), median used. Values: cbi_annual_review_1389_2010-11=2.0; cbi_annual_review_1389_2010-11=5.6; cbi_annual_review_1389_2010-11=767.0; cbi_annual_review_1390_2011-12=2.0; cbi_annual_review_1390_2011-12=5.6; cbi_annual_review_1390_2011-12=767.0; cbi_annual_review_1391_2012-13=767.0; cbi_annual_review_1392_2013-14=767.0; cbi_annual_review_1393_2014-15=767.0"
IRN,eggs__production,Hen eggs in shell,Production,eggs,2011,700000.0,t,cbi-annual-review-livestock-table,9,"Reported in 9 edition(s), median used. Values: cbi_annual_review_1390_2011-12=-8.7; cbi_annual_review_1390_2011-12=4.9; cbi_annual_review_1390_2011-12=700.0; cbi_annual_review_1391_2012-13=-8.7; cbi_annual_review_1391_2012-13=4.9; cbi_annual_review_1391_2012-13=700.0; cbi_annual_review_1392_2013-14=700.0; cbi_annual_review_1393_2014-15=700.0; cbi_annual_review_1394_2015-16=700.0"
IRN,eggs__production,Hen eggs in shell,Production,eggs,2012,913000.0,t,cbi-annual-review-livestock-table,9,"Reported in 9 edition(s), median used. Values: cbi_annual_review_1391_2012-13=6.1; cbi_annual_review_1391_2012-13=30.3; cbi_annual_review_1391_2012-13=913.0; cbi_annual_review_1392_2013-14=7.9; cbi_annual_review_1392_2013-14=30.4; cbi_annual_review_1392_2013-14=913.0; cbi_annual_review_1393_2014-15=913.0; cbi_annual_review_1394_2015-16=913.0; cbi_annual_review_1395_2016-17=913.0"
IRN,eggs__production,Hen eggs in shell,Production,eggs,2013,893000.0,t,cbi-annual-review-livestock-table,9,"Reported in 9 edition(s), median used. Values: cbi_annual_review_1392_2013-14=-2.2; cbi_annual_review_1392_2013-14=7.3; cbi_annual_review_1392_2013-14=893.0; cbi_annual_review_1393_2014-15=-2.1; cbi_annual_review_1393_2014-15=7.5; cbi_annual_review_1393_2014-15=893.0; cbi_annual_review_1394_2015-16=893.0; cbi_annual_review_1395_2016-17=893.0; cbi_annual_review_1396_2016-17=893.0"
IRN,eggs__production,Hen eggs in shell,Production,eggs,2014,925000.0,t,cbi-annual-review-livestock-table,9,"Reported in 9 edition(s), median used. Values: cbi_annual_review_1393_2014-15=3.5; cbi_annual_review_1393_2014-15=7.3; cbi_annual_review_1393_2014-15=925.0; cbi_annual_review_1394_2015-16=3.5; cbi_annual_review_1394_2015-16=7.3; cbi_annual_review_1394_2015-16=925.0; cbi_annual_review_1395_2016-17=925.0; cbi_annual_review_1396_2016-17=925.0; cbi_annual_review_1397_2018-19=925.0"
IRN,eggs__production,Hen eggs in shell,Production,eggs,2015,931000.0,t,cbi-annual-review-livestock-table,9,"Reported in 9 edition(s), median used. Values: cbi_annual_review_1394_2015-16=0.6; cbi_annual_review_1394_2015-16=7.1; cbi_annual_review_1394_2015-16=931.0; cbi_annual_review_1395_2016-17=0.6; cbi_annual_review_1395_2016-17=7.1; cbi_annual_review_1395_2016-17=931.0; cbi_annual_review_1396_2016-17=931.0; cbi_annual_review_1397_2018-19=931.0; cbi_annual_review_1398_2019-20=931.0"
IRN,eggs__production,Hen eggs in shell,Production,eggs,2016,940000.0,t,cbi-annual-review-livestock-table,9,"Reported in 9 edition(s), median used. Values: cbi_annual_review_1395_2016-17=1.0; cbi_annual_review_1395_2016-17=6.9; cbi_annual_review_1395_2016-17=940.0; cbi_annual_review_1396_2016-17=1.0; cbi_annual_review_1396_2016-17=6.9; cbi_annual_review_1396_2016-17=940.0; cbi_annual_review_1397_2018-19=940.0; cbi_annual_review_1398_2019-20=940.0; cbi_annual_review_1399_2020-21=940.0"
IRN,eggs__production,Hen eggs in shell,Production,eggs,2017,888000.0,t,cbi-annual-review-livestock-table,9,"Reported in 9 edition(s), median used. Values: cbi_annual_review_1396_2016-17=-5.6; cbi_annual_review_1396_2016-17=6.2; cbi_annual_review_1396_2016-17=888.0; cbi_annual_review_1397_2018-19=-5.6; cbi_annual_review_1397_2018-19=6.2; cbi_annual_review_1397_2018-19=888.0; cbi_annual_review_1398_2019-20=888.0; cbi_annual_review_1399_2020-21=888.0; cbi_annual_review_1400_2021-22=888.0"
IRN,eggs__production,Hen eggs in shell,Production,eggs,2018,901000.0,t,cbi-annual-review-livestock-table,9,"Reported in 9 edition(s), median used. Values: cbi_annual_review_1397_2018-19=1.6; cbi_annual_review_1397_2018-19=6.1; cbi_annual_review_1397_2018-19=901.0; cbi_annual_review_1398_2019-20=1.6; cbi_annual_review_1398_2019-20=6.1; cbi_annual_review_1398_2019-20=901.0; cbi_annual_review_1399_2020-21=901.0; cbi_annual_review_1400_2021-22=901.0; cbi_annual_review_1401_2022-23=901.0"
IRN,eggs__production,Hen eggs in shell,Production,eggs,2019,514900.0,t,cbi-annual-review-livestock-table,8,"Reported in 8 edition(s), median used. Values: cbi_annual_review_1398_2019-20=6.5; cbi_annual_review_1398_2019-20=12.8; cbi_annual_review_1398_2019-20=1017.0; cbi_annual_review_1399_2020-21=6.5; cbi_annual_review_1399_2020-21=12.8; cbi_annual_review_1399_2020-21=1017.0; cbi_annual_review_1400_2021-22=1017.0; cbi_annual_review_1401_2022-23=1017.0"
IRN,eggs__production,Hen eggs in shell,Production,eggs,2020,6800.0,t,cbi-annual-review-livestock-table,7,"Reported in 7 edition(s), median used. Values: cbi_annual_review_1399_2020-21=6.4; cbi_annual_review_1399_2020-21=6.8; cbi_annual_review_1399_2020-21=1082.0; cbi_annual_review_1400_2021-22=6.4; cbi_annual_review_1400_2021-22=6.8; cbi_annual_review_1400_2021-22=1082.0; cbi_annual_review_1401_2022-23=1082.0"
IRN,eggs__production,Hen eggs in shell,Production,eggs,2021,8700.0,t,cbi-annual-review-livestock-table,6,"Reported in 6 edition(s), median used. Values: cbi_annual_review_1400_2021-22=7.4; cbi_annual_review_1400_2021-22=8.7; cbi_annual_review_1400_2021-22=1177.0; cbi_annual_review_1401_2022-23=7.4; cbi_annual_review_1401_2022-23=8.7; cbi_annual_review_1401_2022-23=1177.0"
IRN,eggs__production,Hen eggs in shell,Production,eggs,2022,7500.0,t,cbi-annual-review-livestock-table,3,"Reported in 3 edition(s), median used. Values: cbi_annual_review_1401_2022-23=4.6; cbi_annual_review_1401_2022-23=7.5; cbi_annual_review_1401_2022-23=1231.0"
IRN,honey__production,"Honey, natural",Production,honey,2004,29000.0,t,cbi-annual-review-livestock-table,1,
IRN,honey__production,"Honey, natural",Production,honey,2005,35000.0,t,cbi-annual-review-livestock-table,2,
IRN,honey__production,"Honey, natural",Production,honey,2006,36000.0,t,cbi-annual-review-livestock-table,3,
IRN,honey__production,"Honey, natural",Production,honey,2007,47000.0,t,cbi-annual-review-livestock-table,4,"Reported in 4 edition(s), median used. Values: cbi_annual_review_1387_2008-09=30.3; cbi_annual_review_1387_2008-09=47.0; cbi_annual_review_1388_2009-10=47.0; cbi_annual_review_1389_2010-11=47.0"
IRN,honey__production,"Honey, natural",Production,honey,2008,41000.0,t,cbi-annual-review-livestock-table,6,"Reported in 6 edition(s), median used. Values: cbi_annual_review_1387_2008-09=-13.3; cbi_annual_review_1387_2008-09=41.0; cbi_annual_review_1388_2009-10=-13.4; cbi_annual_review_1388_2009-10=41.0; cbi_annual_review_1389_2010-11=41.0; cbi_annual_review_1391_2012-13=41.0"
IRN,honey__production,"Honey, natural",Production,honey,2009,46000.0,t,cbi-annual-review-livestock-table,7,"Reported in 7 edition(s), median used. Values: cbi_annual_review_1388_2009-10=14.0; cbi_annual_review_1388_2009-10=46.0; cbi_annual_review_1389_2010-11=0.4; cbi_annual_review_1389_2010-11=14.0; cbi_annual_review_1389_2010-11=46.0; cbi_annual_review_1391_2012-13=46.0; cbi_annual_review_1392_2013-14=46.0"
IRN,honey__production,"Honey, natural",Production,honey,2010,45000.0,t,cbi-annual-review-livestock-table,6,"Reported in 6 edition(s), median used. Values: cbi_annual_review_1389_2010-11=-3.0; cbi_annual_review_1389_2010-11=0.3; cbi_annual_review_1389_2010-11=45.0; cbi_annual_review_1391_2012-13=45.0; cbi_annual_review_1392_2013-14=45.0; cbi_annual_review_1393_2014-15=45.0"
IRN,honey__production,"Honey, natural",Production,honey,2011,51000.0,t,cbi-annual-review-livestock-table,6,"Reported in 6 edition(s), median used. Values: cbi_annual_review_1391_2012-13=0.4; cbi_annual_review_1391_2012-13=12.6; cbi_annual_review_1391_2012-13=51.0; cbi_annual_review_1392_2013-14=51.0; cbi_annual_review_1393_2014-15=51.0; cbi_annual_review_1394_2015-16=51.0"
IRN,honey__production,"Honey, natural",Production,honey,2012,71000.0,t,cbi-annual-review-livestock-table,9,"Reported in 9 edition(s), median used. Values: cbi_annual_review_1391_2012-13=0.5; cbi_annual_review_1391_2012-13=40.2; cbi_annual_review_1391_2012-13=71.0; cbi_annual_review_1392_2013-14=0.6; cbi_annual_review_1392_2013-14=40.2; cbi_annual_review_1392_2013-14=71.0; cbi_annual_review_1393_2014-15=71.0; cbi_annual_review_1394_2015-16=71.0; cbi_annual_review_1395_2016-17=71.0"
IRN,honey__production,"Honey, natural",Production,honey,2013,75000.0,t,cbi-annual-review-livestock-table,9,"Reported in 9 edition(s), median used. Values: cbi_annual_review_1392_2013-14=0.6; cbi_annual_review_1392_2013-14=4.9; cbi_annual_review_1392_2013-14=75.0; cbi_annual_review_1393_2014-15=0.6; cbi_annual_review_1393_2014-15=5.1; cbi_annual_review_1393_2014-15=75.0; cbi_annual_review_1394_2015-16=75.0; cbi_annual_review_1395_2016-17=75.0; cbi_annual_review_1396_2016-17=75.0"
IRN,honey__production,"Honey, natural",Production,honey,2014,78000.0,t,cbi-annual-review-livestock-table,9,"Reported in 9 edition(s), median used. Values: cbi_annual_review_1393_2014-15=0.6; cbi_annual_review_1393_2014-15=4.3; cbi_annual_review_1393_2014-15=78.0; cbi_annual_review_1394_2015-16=0.6; cbi_annual_review_1394_2015-16=4.3; cbi_annual_review_1394_2015-16=78.0; cbi_annual_review_1395_2016-17=78.0; cbi_annual_review_1396_2016-17=78.0; cbi_annual_review_1397_2018-19=78.0"
IRN,honey__production,"Honey, natural",Production,honey,2015,77000.0,t,cbi-annual-review-livestock-table,9,"Reported in 9 edition(s), median used. Values: cbi_annual_review_1394_2015-16=-0.5; cbi_annual_review_1394_2015-16=0.6; cbi_annual_review_1394_2015-16=77.0; cbi_annual_review_1395_2016-17=-0.5; cbi_annual_review_1395_2016-17=0.6; cbi_annual_review_1395_2016-17=77.0; cbi_annual_review_1396_2016-17=77.0; cbi_annual_review_1397_2018-19=77.0; cbi_annual_review_1398_2019-20=77.0"
IRN,honey__production,"Honey, natural",Production,honey,2016,82000.0,t,cbi-annual-review-livestock-table,9,"Reported in 9 edition(s), median used. Values: cbi_annual_review_1395_2016-17=0.6; cbi_annual_review_1395_2016-17=5.3; cbi_annual_review_1395_2016-17=82.0; cbi_annual_review_1396_2016-17=0.6; cbi_annual_review_1396_2016-17=5.3; cbi_annual_review_1396_2016-17=82.0; cbi_annual_review_1397_2018-19=82.0; cbi_annual_review_1398_2019-20=82.0; cbi_annual_review_1399_2020-21=82.0"
IRN,honey__production,"Honey, natural",Production,honey,2017,88000.0,t,cbi-annual-review-livestock-table,9,"Reported in 9 edition(s), median used. Values: cbi_annual_review_1396_2016-17=0.6; cbi_annual_review_1396_2016-17=8.3; cbi_annual_review_1396_2016-17=88.0; cbi_annual_review_1397_2018-19=0.6; cbi_annual_review_1397_2018-19=8.3; cbi_annual_review_1397_2018-19=88.0; cbi_annual_review_1398_2019-20=88.0; cbi_annual_review_1399_2020-21=88.0; cbi_annual_review_1400_2021-22=88.0"
IRN,honey__production,"Honey, natural",Production,honey,2018,90000.0,t,cbi-annual-review-livestock-table,9,"Reported in 9 edition(s), median used. Values: cbi_annual_review_1397_2018-19=0.6; cbi_annual_review_1397_2018-19=2.6; cbi_annual_review_1397_2018-19=90.0; cbi_annual_review_1398_2019-20=0.6; cbi_annual_review_1398_2019-20=2.6; cbi_annual_review_1398_2019-20=90.0; cbi_annual_review_1399_2020-21=90.0; cbi_annual_review_1400_2021-22=90.0; cbi_annual_review_1401_2022-23=90.0"
IRN,honey__production,"Honey, natural",Production,honey,2019,68650.0,t,cbi-annual-review-livestock-table,8,"Reported in 8 edition(s), median used. Values: cbi_annual_review_1398_2019-20=0.7; cbi_annual_review_1398_2019-20=24.3; cbi_annual_review_1398_2019-20=113.0; cbi_annual_review_1399_2020-21=0.7; cbi_annual_review_1399_2020-21=24.3; cbi_annual_review_1399_2020-21=113.0; cbi_annual_review_1400_2021-22=113.0; cbi_annual_review_1401_2022-23=113.0"
IRN,honey__production,"Honey, natural",Production,honey,2020,2400.0,t,cbi-annual-review-livestock-table,7,"Reported in 7 edition(s), median used. Values: cbi_annual_review_1399_2020-21=0.7; cbi_annual_review_1399_2020-21=2.4; cbi_annual_review_1399_2020-21=115.0; cbi_annual_review_1400_2021-22=0.7; cbi_annual_review_1400_2021-22=2.4; cbi_annual_review_1400_2021-22=115.0; cbi_annual_review_1401_2022-23=115.0"
IRN,honey__production,"Honey, natural",Production,honey,2021,700.0,t,cbi-annual-review-livestock-table,6,"Reported in 6 edition(s), median used. Values: cbi_annual_review_1400_2021-22=-2.8; cbi_annual_review_1400_2021-22=0.7; cbi_annual_review_1400_2021-22=112.0; cbi_annual_review_1401_2022-23=-2.8; cbi_annual_review_1401_2022-23=0.7; cbi_annual_review_1401_2022-23=112.0"
IRN,honey__production,"Honey, natural",Production,honey,2022,21400.0,t,cbi-annual-review-livestock-table,3,"Reported in 3 edition(s), median used. Values: cbi_annual_review_1401_2022-23=0.8; cbi_annual_review_1401_2022-23=21.4; cbi_annual_review_1401_2022-23=136.0"
IRN,milk__production,"Raw milk, all animals",Production,milk,1996,4705000.0,t,cbi-annual-review-livestock-table,1,
IRN,milk__production,"Raw milk, all animals",Production,milk,1997,4895000.0,t,cbi-annual-review-livestock-table,2,
IRN,milk__production,"Raw milk, all animals",Production,milk,1998,5105000.0,t,cbi-annual-review-livestock-table,3,
IRN,milk__production,"Raw milk, all animals",Production,milk,1999,5564000.0,t,cbi-annual-review-livestock-table,5,"Reported in 5 edition(s), median used. Values: cbi_annual_review_1379_2000-01=9.0; cbi_annual_review_1379_2000-01=5564.0; cbi_annual_review_1380_2001-02=5564.0; cbi_annual_review_1381_2002-03=5564.0; cbi_annual_review_1382_2003-04=5564.0"
IRN,milk__production,"Raw milk, all animals",Production,milk,2000,5623000.0,t,cbi-annual-review-livestock-table,7,"Reported in 7 edition(s), median used. Values: cbi_annual_review_1379_2000-01=1.1; cbi_annual_review_1379_2000-01=5623.0; cbi_annual_review_1380_2001-02=1.1; cbi_annual_review_1380_2001-02=5623.0; cbi_annual_review_1381_2002-03=5623.0; cbi_annual_review_1382_2003-04=5623.0; cbi_annual_review_1383_2004-05=5623.0"
IRN,milk__production,"Raw milk, all animals",Production,milk,2001,5748000.0,t,cbi-annual-review-livestock-table,7,"Reported in 7 edition(s), median used. Values: cbi_annual_review_1380_2001-02=2.2; cbi_annual_review_1380_2001-02=5748.0; cbi_annual_review_1381_2002-03=2.2; cbi_annual_review_1381_2002-03=5748.0; cbi_annual_review_1382_2003-04=5748.0; cbi_annual_review_1383_2004-05=5748.0; cbi_annual_review_1384_2005-06=5748.0"
IRN,milk__production,"Raw milk, all animals",Production,milk,2002,5877000.0,t,cbi-annual-review-livestock-table,7,"Reported in 7 edition(s), median used. Values: cbi_annual_review_1381_2002-03=2.2; cbi_annual_review_1381_2002-03=5877.0; cbi_annual_review_1382_2003-04=2.2; cbi_annual_review_1382_2003-04=5877.0; cbi_annual_review_1383_2004-05=5877.0; cbi_annual_review_1384_2005-06=5877.0; cbi_annual_review_1385_2006-07=5877.0"
IRN,milk__production,"Raw milk, all animals",Production,milk,2003,6316000.0,t,cbi-annual-review-livestock-table,7,"Reported in 7 edition(s), median used. Values: cbi_annual_review_1382_2003-04=7.5; cbi_annual_review_1382_2003-04=6316.0; cbi_annual_review_1383_2004-05=7.5; cbi_annual_review_1383_2004-05=6316.0; cbi_annual_review_1384_2005-06=6316.0; cbi_annual_review_1385_2006-07=6316.0; cbi_annual_review_1386_2007-08=6316.0"
IRN,milk__production,"Raw milk, all animals",Production,milk,2004,6720000.0,t,cbi-annual-review-livestock-table,7,"Reported in 7 edition(s), median used. Values: cbi_annual_review_1383_2004-05=6.4; cbi_annual_review_1383_2004-05=6720.0; cbi_annual_review_1384_2005-06=6.4; cbi_annual_review_1384_2005-06=6720.0; cbi_annual_review_1385_2006-07=6720.0; cbi_annual_review_1386_2007-08=6720.0; cbi_annual_review_1387_2008-09=6720.0"
IRN,milk__production,"Raw milk, all animals",Production,milk,2005,7179000.0,t,cbi-annual-review-livestock-table,7,"Reported in 7 edition(s), median used. Values: cbi_annual_review_1384_2005-06=6.8; cbi_annual_review_1384_2005-06=7179.0; cbi_annual_review_1385_2006-07=6.8; cbi_annual_review_1385_2006-07=7179.0; cbi_annual_review_1386_2007-08=7179.0; cbi_annual_review_1387_2008-09=7179.0; cbi_annual_review_1388_2009-10=7179.0"
IRN,milk__production,"Raw milk, all animals",Production,milk,2006,7741000.0,t,cbi-annual-review-livestock-table,7,"Reported in 7 edition(s), median used. Values: cbi_annual_review_1385_2006-07=7.8; cbi_annual_review_1385_2006-07=7741.0; cbi_annual_review_1386_2007-08=7.8; cbi_annual_review_1386_2007-08=7741.0; cbi_annual_review_1387_2008-09=7741.0; cbi_annual_review_1388_2009-10=7741.0; cbi_annual_review_1389_2010-11=7741.0"
IRN,milk__production,"Raw milk, all animals",Production,milk,2007,8251000.0,t,cbi-annual-review-livestock-table,7,"Reported in 7 edition(s), median used. Values: cbi_annual_review_1386_2007-08=7.4; cbi_annual_review_1386_2007-08=8312.0; cbi_annual_review_1387_2008-09=6.6; cbi_annual_review_1387_2008-09=8251.0; cbi_annual_review_1388_2009-10=8251.0; cbi_annual_review_1389_2010-11=8251.0; cbi_annual_review_1390_2011-12=8251.0"
IRN,milk__production,"Raw milk, all animals",Production,milk,2008,8772000.0,t,cbi-annual-review-livestock-table,7,"Reported in 7 edition(s), median used. Values: cbi_annual_review_1387_2008-09=6.3; cbi_annual_review_1387_2008-09=8772.0; cbi_annual_review_1388_2009-10=6.3; cbi_annual_review_1388_2009-10=8772.0; cbi_annual_review_1389_2010-11=8772.0; cbi_annual_review_1390_2011-12=8772.0; cbi_annual_review_1391_2012-13=8772.0"
IRN,milk__production,"Raw milk, all animals",Production,milk,2009,8378000.0,t,cbi-annual-review-livestock-table,8,"Reported in 8 edition(s), median used. Values: cbi_annual_review_1388_2009-10=8.9; cbi_annual_review_1388_2009-10=9552.0; cbi_annual_review_1389_2010-11=8.9; cbi_annual_review_1389_2010-11=74.3; cbi_annual_review_1389_2010-11=9552.0; cbi_annual_review_1390_2011-12=9552.0; cbi_annual_review_1391_2012-13=9552.0; cbi_annual_review_1392_2013-14=7204.0"
IRN,milk__production,"Raw milk, all animals",Production,milk,2010,7438000.0,t,cbi-annual-review-livestock-table,9,"Reported in 9 edition(s), median used. Values: cbi_annual_review_1389_2010-11=7.2; cbi_annual_review_1389_2010-11=75.0; cbi_annual_review_1389_2010-11=10242.0; cbi_annual_review_1390_2011-12=7.2; cbi_annual_review_1390_2011-12=75.3; cbi_annual_review_1390_2011-12=10242.0; cbi_annual_review_1391_2012-13=10242.0; cbi_annual_review_1392_2013-14=7438.0; cbi_annual_review_1393_2014-15=7438.0"
IRN,milk__production,"Raw milk, all animals",Production,milk,2011,7686000.0,t,cbi-annual-review-livestock-table,9,"Reported in 9 edition(s), median used. Values: cbi_annual_review_1390_2011-12=5.7; cbi_annual_review_1390_2011-12=75.8; cbi_annual_review_1390_2011-12=10822.0; cbi_annual_review_1391_2012-13=5.7; cbi_annual_review_1391_2012-13=75.6; cbi_annual_review_1391_2012-13=10822.0; cbi_annual_review_1392_2013-14=7686.0; cbi_annual_review_1393_2014-15=7686.0; cbi_annual_review_1394_2015-16=7686.0"
IRN,milk__production,"Raw milk, all animals",Production,milk,2012,7951000.0,t,cbi-annual-review-livestock-table,9,"Reported in 9 edition(s), median used. Values: cbi_annual_review_1391_2012-13=3.2; cbi_annual_review_1391_2012-13=74.4; cbi_annual_review_1391_2012-13=11165.0; cbi_annual_review_1392_2013-14=3.5; cbi_annual_review_1392_2013-14=68.8; cbi_annual_review_1392_2013-14=7952.0; cbi_annual_review_1393_2014-15=7952.0; cbi_annual_review_1394_2015-16=7952.0; cbi_annual_review_1395_2016-17=7951.0"
IRN,milk__production,"Raw milk, all animals",Production,milk,2013,8268000.0,t,cbi-annual-review-livestock-table,9,"Reported in 9 edition(s), median used. Values: cbi_annual_review_1392_2013-14=8.1; cbi_annual_review_1392_2013-14=69.9; cbi_annual_review_1392_2013-14=8594.0; cbi_annual_review_1393_2014-15=4.0; cbi_annual_review_1393_2014-15=69.1; cbi_annual_review_1393_2014-15=8268.0; cbi_annual_review_1394_2015-16=8268.0; cbi_annual_review_1395_2016-17=8268.0; cbi_annual_review_1396_2016-17=8268.0"
IRN,milk__production,"Raw milk, all animals",Production,milk,2014,8800000.0,t,cbi-annual-review-livestock-table,9,"Reported in 9 edition(s), median used. Values: cbi_annual_review_1393_2014-15=6.4; cbi_annual_review_1393_2014-15=69.7; cbi_annual_review_1393_2014-15=8800.0; cbi_annual_review_1394_2015-16=6.4; cbi_annual_review_1394_2015-16=69.7; cbi_annual_review_1394_2015-16=8800.0; cbi_annual_review_1395_2016-17=8800.0; cbi_annual_review_1396_2016-17=8800.0; cbi_annual_review_1397_2018-19=8800.0"
IRN,milk__production,"Raw milk, all animals",Production,milk,2015,9140000.0,t,cbi-annual-review-livestock-table,9,"Reported in 9 edition(s), median used. Values: cbi_annual_review_1394_2015-16=3.9; cbi_annual_review_1394_2015-16=69.9; cbi_annual_review_1394_2015-16=9140.0; cbi_annual_review_1395_2016-17=3.9; cbi_annual_review_1395_2016-17=69.9; cbi_annual_review_1395_2016-17=9140.0; cbi_annual_review_1396_2016-17=9140.0; cbi_annual_review_1397_2018-19=9140.0; cbi_annual_review_1398_2019-20=9140.0"
IRN,milk__production,"Raw milk, all animals",Production,milk,2016,9653000.0,t,cbi-annual-review-livestock-table,9,"Reported in 9 edition(s), median used. Values: cbi_annual_review_1395_2016-17=5.6; cbi_annual_review_1395_2016-17=71.2; cbi_annual_review_1395_2016-17=9653.0; cbi_annual_review_1396_2016-17=5.6; cbi_annual_review_1396_2016-17=71.2; cbi_annual_review_1396_2016-17=9653.0; cbi_annual_review_1397_2018-19=9653.0; cbi_annual_review_1398_2019-20=9653.0; cbi_annual_review_1399_2020-21=9653.0"
IRN,milk__production,"Raw milk, all animals",Production,milk,2017,10184000.0,t,cbi-annual-review-livestock-table,9,"Reported in 9 edition(s), median used. Values: cbi_annual_review_1396_2016-17=5.5; cbi_annual_review_1396_2016-17=71.6; cbi_annual_review_1396_2016-17=10184.0; cbi_annual_review_1397_2018-19=5.5; cbi_annual_review_1397_2018-19=71.6; cbi_annual_review_1397_2018-19=10184.0; cbi_annual_review_1398_2019-20=10184.0; cbi_annual_review_1399_2020-21=10184.0; cbi_annual_review_1400_2021-22=10184.0"
IRN,milk__production,"Raw milk, all animals",Production,milk,2018,10589000.0,t,cbi-annual-review-livestock-table,9,"Reported in 9 edition(s), median used. Values: cbi_annual_review_1397_2018-19=4.0; cbi_annual_review_1397_2018-19=71.7; cbi_annual_review_1397_2018-19=10589.0; cbi_annual_review_1398_2019-20=4.0; cbi_annual_review_1398_2019-20=71.7; cbi_annual_review_1398_2019-20=10589.0; cbi_annual_review_1399_2020-21=10589.0; cbi_annual_review_1400_2021-22=10589.0; cbi_annual_review_1401_2022-23=10589.0"
IRN,milk__production,"Raw milk, all animals",Production,milk,2019,5536000.0,t,cbi-annual-review-livestock-table,8,"Reported in 8 edition(s), median used. Values: cbi_annual_review_1398_2019-20=3.9; cbi_annual_review_1398_2019-20=70.0; cbi_annual_review_1398_2019-20=11002.0; cbi_annual_review_1399_2020-21=3.9; cbi_annual_review_1399_2020-21=70.0; cbi_annual_review_1399_2020-21=11002.0; cbi_annual_review_1400_2021-22=11002.0; cbi_annual_review_1401_2022-23=11002.0"
IRN,milk__production,"Raw milk, all animals",Production,milk,2020,70500.0,t,cbi-annual-review-livestock-table,7,"Reported in 7 edition(s), median used. Values: cbi_annual_review_1399_2020-21=2.4; cbi_annual_review_1399_2020-21=70.5; cbi_annual_review_1399_2020-21=11268.0; cbi_annual_review_1400_2021-22=2.4; cbi_annual_review_1400_2021-22=70.5; cbi_annual_review_1400_2021-22=11268.0; cbi_annual_review_1401_2022-23=11268.0"
IRN,milk__production,"Raw milk, all animals",Production,milk,2021,69400.0,t,cbi-annual-review-livestock-table,6,"Reported in 6 edition(s), median used. Values: cbi_annual_review_1400_2021-22=-1.9; cbi_annual_review_1400_2021-22=69.4; cbi_annual_review_1400_2021-22=11049.0; cbi_annual_review_1401_2022-23=-1.9; cbi_annual_review_1401_2022-23=69.4; cbi_annual_review_1401_2022-23=11049.0"
IRN,milk__production,"Raw milk, all animals",Production,milk,2022,70600.0,t,cbi-annual-review-livestock-table,3,"Reported in 3 edition(s), median used. Values: cbi_annual_review_1401_2022-23=5.4; cbi_annual_review_1401_2022-23=70.6; cbi_annual_review_1401_2022-23=11648.0"
IRN,poultry_meat__production,"Meat, chicken",Production,poultry_meat,1996,676000.0,t,cbi-annual-review-livestock-table,1,
IRN,poultry_meat__production,"Meat, chicken",Production,poultry_meat,1997,712000.0,t,cbi-annual-review-livestock-table,2,
IRN,poultry_meat__production,"Meat, chicken",Production,poultry_meat,1998,720000.0,t,cbi-annual-review-livestock-table,3,
IRN,poultry_meat__production,"Meat, chicken",Production,poultry_meat,1999,725000.0,t,cbi-annual-review-livestock-table,5,"Reported in 5 edition(s), median used. Values: cbi_annual_review_1379_2000-01=0.7; cbi_annual_review_1379_2000-01=725.0; cbi_annual_review_1380_2001-02=725.0; cbi_annual_review_1381_2002-03=725.0; cbi_annual_review_1382_2003-04=725.0"
IRN,poultry_meat__production,"Meat, chicken",Production,poultry_meat,2000,803000.0,t,cbi-annual-review-livestock-table,7,"Reported in 7 edition(s), median used. Values: cbi_annual_review_1379_2000-01=10.8; cbi_annual_review_1379_2000-01=803.0; cbi_annual_review_1380_2001-02=10.8; cbi_annual_review_1380_2001-02=803.0; cbi_annual_review_1381_2002-03=803.0; cbi_annual_review_1382_2003-04=803.0; cbi_annual_review_1383_2004-05=803.0"
IRN,poultry_meat__production,"Meat, chicken",Production,poultry_meat,2001,885000.0,t,cbi-annual-review-livestock-table,7,"Reported in 7 edition(s), median used. Values: cbi_annual_review_1380_2001-02=10.2; cbi_annual_review_1380_2001-02=885.0; cbi_annual_review_1381_2002-03=10.2; cbi_annual_review_1381_2002-03=885.0; cbi_annual_review_1382_2003-04=885.0; cbi_annual_review_1383_2004-05=885.0; cbi_annual_review_1384_2005-06=885.0"
IRN,poultry_meat__production,"Meat, chicken",Production,poultry_meat,2002,942000.0,t,cbi-annual-review-livestock-table,7,"Reported in 7 edition(s), median used. Values: cbi_annual_review_1381_2002-03=6.4; cbi_annual_review_1381_2002-03=942.0; cbi_annual_review_1382_2003-04=11.4; cbi_annual_review_1382_2003-04=986.0; cbi_annual_review_1383_2004-05=942.0; cbi_annual_review_1384_2005-06=942.0; cbi_annual_review_1385_2006-07=942.0"
IRN,poultry_meat__production,"Meat, chicken",Production,poultry_meat,2003,1104000.0,t,cbi-annual-review-livestock-table,7,"Reported in 7 edition(s), median used. Values: cbi_annual_review_1382_2003-04=11.6; cbi_annual_review_1382_2003-04=1100.0; cbi_annual_review_1383_2004-05=17.2; cbi_annual_review_1383_2004-05=1104.0; cbi_annual_review_1384_2005-06=1104.0; cbi_annual_review_1385_2006-07=1104.0; cbi_annual_review_1386_2007-08=1104.0"
IRN,poultry_meat__production,"Meat, chicken",Production,poultry_meat,2004,1152000.0,t,cbi-annual-review-livestock-table,7,"Reported in 7 edition(s), median used. Values: cbi_annual_review_1383_2004-05=6.1; cbi_annual_review_1383_2004-05=1171.0; cbi_annual_review_1384_2005-06=4.3; cbi_annual_review_1384_2005-06=1152.0; cbi_annual_review_1385_2006-07=1152.0; cbi_annual_review_1386_2007-08=1152.0; cbi_annual_review_1387_2008-09=1152.0"
IRN,poultry_meat__production,"Meat, chicken",Production,poultry_meat,2005,1237000.0,t,cbi-annual-review-livestock-table,7,"Reported in 7 edition(s), median used. Values: cbi_annual_review_1384_2005-06=7.4; cbi_annual_review_1384_2005-06=1237.0; cbi_annual_review_1385_2006-07=7.4; cbi_annual_review_1385_2006-07=1237.0; cbi_annual_review_1386_2007-08=1237.0; cbi_annual_review_1387_2008-09=1237.0; cbi_annual_review_1388_2009-10=1237.0"
IRN,poultry_meat__production,"Meat, chicken",Production,poultry_meat,2006,1360000.0,t,cbi-annual-review-livestock-table,7,"Reported in 7 edition(s), median used. Values: cbi_annual_review_1385_2006-07=9.9; cbi_annual_review_1385_2006-07=1360.0; cbi_annual_review_1386_2007-08=10.0; cbi_annual_review_1386_2007-08=1360.0; cbi_annual_review_1387_2008-09=1360.0; cbi_annual_review_1388_2009-10=1360.0; cbi_annual_review_1389_2010-11=1360.0"
IRN,poultry_meat__production,"Meat, chicken",Production,poultry_meat,2007,1468000.0,t,cbi-annual-review-livestock-table,7,"Reported in 7 edition(s), median used. Values: cbi_annual_review_1386_2007-08=7.9; cbi_annual_review_1386_2007-08=1468.0; cbi_annual_review_1387_2008-09=7.9; cbi_annual_review_1387_2008-09=1468.0; cbi_annual_review_1388_2009-10=1468.0; cbi_annual_review_1389_2010-11=1468.0; cbi_annual_review_1390_2011-12=1468.0"
IRN,poultry_meat__production,"Meat, chicken",Production,poultry_meat,2008,1565000.0,t,cbi-annual-review-livestock-table,7,"Reported in 7 edition(s), median used. Values: cbi_annual_review_1387_2008-09=6.6; cbi_annual_review_1387_2008-09=1566.0; cbi_annual_review_1388_2009-10=6.6; cbi_annual_review_1388_2009-10=1565.0; cbi_annual_review_1389_2010-11=1565.0; cbi_annual_review_1390_2011-12=1565.0; cbi_annual_review_1391_2012-13=1565.0"
IRN,poultry_meat__production,"Meat, chicken",Production,poultry_meat,2009,1610000.0,t,cbi-annual-review-livestock-table,8,"Reported in 8 edition(s), median used. Values: cbi_annual_review_1388_2009-10=2.9; cbi_annual_review_1388_2009-10=1610.0; cbi_annual_review_1389_2010-11=2.9; cbi_annual_review_1389_2010-11=12.5; cbi_annual_review_1389_2010-11=1610.0; cbi_annual_review_1390_2011-12=1610.0; cbi_annual_review_1391_2012-13=1610.0; cbi_annual_review_1392_2013-14=1610.0"
IRN,poultry_meat__production,"Meat, chicken",Production,poultry_meat,2010,1666000.0,t,cbi-annual-review-livestock-table,9,"Reported in 9 edition(s), median used. Values: cbi_annual_review_1389_2010-11=3.5; cbi_annual_review_1389_2010-11=12.2; cbi_annual_review_1389_2010-11=1666.0; cbi_annual_review_1390_2011-12=3.5; cbi_annual_review_1390_2011-12=12.2; cbi_annual_review_1390_2011-12=1666.0; cbi_annual_review_1391_2012-13=1666.0; cbi_annual_review_1392_2013-14=1666.0; cbi_annual_review_1393_2014-15=1666.0"
IRN,poultry_meat__production,"Meat, chicken",Production,poultry_meat,2011,1783000.0,t,cbi-annual-review-livestock-table,9,"Reported in 9 edition(s), median used. Values: cbi_annual_review_1390_2011-12=7.0; cbi_annual_review_1390_2011-12=12.5; cbi_annual_review_1390_2011-12=1783.0; cbi_annual_review_1391_2012-13=7.0; cbi_annual_review_1391_2012-13=12.5; cbi_annual_review_1391_2012-13=1783.0; cbi_annual_review_1392_2013-14=1783.0; cbi_annual_review_1393_2014-15=1783.0; cbi_annual_review_1394_2015-16=1783.0"
IRN,poultry_meat__production,"Meat, chicken",Production,poultry_meat,2012,1871000.0,t,cbi-annual-review-livestock-table,9,"Reported in 9 edition(s), median used. Values: cbi_annual_review_1391_2012-13=4.9; cbi_annual_review_1391_2012-13=12.5; cbi_annual_review_1391_2012-13=1871.0; cbi_annual_review_1392_2013-14=4.9; cbi_annual_review_1392_2013-14=16.2; cbi_annual_review_1392_2013-14=1871.0; cbi_annual_review_1393_2014-15=1871.0; cbi_annual_review_1394_2015-16=1871.0; cbi_annual_review_1395_2016-17=1871.0"
IRN,poultry_meat__production,"Meat, chicken",Production,poultry_meat,2013,1967000.0,t,cbi-annual-review-livestock-table,9,"Reported in 9 edition(s), median used. Values: cbi_annual_review_1392_2013-14=5.1; cbi_annual_review_1392_2013-14=16.0; cbi_annual_review_1392_2013-14=1967.0; cbi_annual_review_1393_2014-15=5.1; cbi_annual_review_1393_2014-15=16.4; cbi_annual_review_1393_2014-15=1967.0; cbi_annual_review_1394_2015-16=1967.0; cbi_annual_review_1395_2016-17=1967.0; cbi_annual_review_1396_2016-17=1967.0"
IRN,poultry_meat__production,"Meat, chicken",Production,poultry_meat,2014,2033000.0,t,cbi-annual-review-livestock-table,9,"Reported in 9 edition(s), median used. Values: cbi_annual_review_1393_2014-15=3.4; cbi_annual_review_1393_2014-15=16.1; cbi_annual_review_1393_2014-15=2033.0; cbi_annual_review_1394_2015-16=3.4; cbi_annual_review_1394_2015-16=16.1; cbi_annual_review_1394_2015-16=2033.0; cbi_annual_review_1395_2016-17=2033.0; cbi_annual_review_1396_2016-17=2033.0; cbi_annual_review_1397_2018-19=2033.0"
IRN,poultry_meat__production,"Meat, chicken",Production,poultry_meat,2015,2122000.0,t,cbi-annual-review-livestock-table,9,"Reported in 9 edition(s), median used. Values: cbi_annual_review_1394_2015-16=4.4; cbi_annual_review_1394_2015-16=16.2; cbi_annual_review_1394_2015-16=2123.0; cbi_annual_review_1395_2016-17=4.4; cbi_annual_review_1395_2016-17=16.2; cbi_annual_review_1395_2016-17=2122.0; cbi_annual_review_1396_2016-17=2123.0; cbi_annual_review_1397_2018-19=2123.0; cbi_annual_review_1398_2019-20=2123.0"
IRN,poultry_meat__production,"Meat, chicken",Production,poultry_meat,2016,2069000.0,t,cbi-annual-review-livestock-table,9,"Reported in 9 edition(s), median used. Values: cbi_annual_review_1395_2016-17=-2.5; cbi_annual_review_1395_2016-17=15.3; cbi_annual_review_1395_2016-17=2069.0; cbi_annual_review_1396_2016-17=-2.5; cbi_annual_review_1396_2016-17=15.3; cbi_annual_review_1396_2016-17=2070.0; cbi_annual_review_1397_2018-19=2070.0; cbi_annual_review_1398_2019-20=2070.0; cbi_annual_review_1399_2020-21=2070.0"
IRN,poultry_meat__production,"Meat, chicken",Production,poultry_meat,2017,2237000.0,t,cbi-annual-review-livestock-table,9,"Reported in 9 edition(s), median used. Values: cbi_annual_review_1396_2016-17=8.1; cbi_annual_review_1396_2016-17=15.7; cbi_annual_review_1396_2016-17=2237.0; cbi_annual_review_1397_2018-19=8.1; cbi_annual_review_1397_2018-19=15.7; cbi_annual_review_1397_2018-19=2237.0; cbi_annual_review_1398_2019-20=2237.0; cbi_annual_review_1399_2020-21=2237.0; cbi_annual_review_1400_2021-22=2237.0"
IRN,poultry_meat__production,"Meat, chicken",Production,poultry_meat,2018,2355000.0,t,cbi-annual-review-livestock-table,9,"Reported in 9 edition(s), median used. Values: cbi_annual_review_1397_2018-19=5.3; cbi_annual_review_1397_2018-19=15.9; cbi_annual_review_1397_2018-19=2355.0; cbi_annual_review_1398_2019-20=5.3; cbi_annual_review_1398_2019-20=15.9; cbi_annual_review_1398_2019-20=2355.0; cbi_annual_review_1399_2020-21=2355.0; cbi_annual_review_1400_2021-22=2355.0; cbi_annual_review_1401_2022-23=2355.0"
IRN,poultry_meat__production,"Meat, chicken",Production,poultry_meat,2019,1375200.0,t,cbi-annual-review-livestock-table,8,"Reported in 8 edition(s), median used. Values: cbi_annual_review_1398_2019-20=16.1; cbi_annual_review_1398_2019-20=17.4; cbi_annual_review_1398_2019-20=2733.0; cbi_annual_review_1399_2020-21=16.1; cbi_annual_review_1399_2020-21=17.4; cbi_annual_review_1399_2020-21=2733.0; cbi_annual_review_1400_2021-22=2733.0; cbi_annual_review_1401_2022-23=2733.0"
IRN,poultry_meat__production,"Meat, chicken",Production,poultry_meat,2020,16500.0,t,cbi-annual-review-livestock-table,7,"Reported in 7 edition(s), median used. Values: cbi_annual_review_1399_2020-21=-3.4; cbi_annual_review_1399_2020-21=16.5; cbi_annual_review_1399_2020-21=2641.0; cbi_annual_review_1400_2021-22=-3.4; cbi_annual_review_1400_2021-22=16.5; cbi_annual_review_1400_2021-22=2641.0; cbi_annual_review_1401_2022-23=2641.0"
IRN,poultry_meat__production,"Meat, chicken",Production,poultry_meat,2021,16800.0,t,cbi-annual-review-livestock-table,6,"Reported in 6 edition(s), median used. Values: cbi_annual_review_1400_2021-22=1.4; cbi_annual_review_1400_2021-22=16.8; cbi_annual_review_1400_2021-22=2679.0; cbi_annual_review_1401_2022-23=1.4; cbi_annual_review_1401_2022-23=16.8; cbi_annual_review_1401_2022-23=2679.0"
IRN,poultry_meat__production,"Meat, chicken",Production,poultry_meat,2022,15700.0,t,cbi-annual-review-livestock-table,3,"Reported in 3 edition(s), median used. Values: cbi_annual_review_1401_2022-23=-3.2; cbi_annual_review_1401_2022-23=15.7; cbi_annual_review_1401_2022-23=2593.0"
IRN,red_meat__production,"Meat, cattle+sheep+goat (red meat)",Production,red_meat,1996,685000.0,t,cbi-annual-review-livestock-table,1,
IRN,red_meat__production,"Meat, cattle+sheep+goat (red meat)",Production,red_meat,1997,720000.0,t,cbi-annual-review-livestock-table,2,
IRN,red_meat__production,"Meat, cattle+sheep+goat (red meat)",Production,red_meat,1998,763000.0,t,cbi-annual-review-livestock-table,3,
IRN,red_meat__production,"Meat, cattle+sheep+goat (red meat)",Production,red_meat,1999,721000.0,t,cbi-annual-review-livestock-table,5,"Reported in 5 edition(s), median used. Values: cbi_annual_review_1379_2000-01=-5.5; cbi_annual_review_1379_2000-01=721.0; cbi_annual_review_1380_2001-02=721.0; cbi_annual_review_1381_2002-03=721.0; cbi_annual_review_1382_2003-04=721.0"
IRN,red_meat__production,"Meat, cattle+sheep+goat (red meat)",Production,red_meat,2000,729000.0,t,cbi-annual-review-livestock-table,7,"Reported in 7 edition(s), median used. Values: cbi_annual_review_1379_2000-01=1.1; cbi_annual_review_1379_2000-01=729.0; cbi_annual_review_1380_2001-02=1.1; cbi_annual_review_1380_2001-02=729.0; cbi_annual_review_1381_2002-03=729.0; cbi_annual_review_1382_2003-04=729.0; cbi_annual_review_1383_2004-05=729.0"
IRN,red_meat__production,"Meat, cattle+sheep+goat (red meat)",Production,red_meat,2001,743000.0,t,cbi-annual-review-livestock-table,7,"Reported in 7 edition(s), median used. Values: cbi_annual_review_1380_2001-02=1.9; cbi_annual_review_1380_2001-02=743.0; cbi_annual_review_1381_2002-03=1.9; cbi_annual_review_1381_2002-03=743.0; cbi_annual_review_1382_2003-04=743.0; cbi_annual_review_1383_2004-05=743.0; cbi_annual_review_1384_2005-06=743.0"
IRN,red_meat__production,"Meat, cattle+sheep+goat (red meat)",Production,red_meat,2002,742000.0,t,cbi-annual-review-livestock-table,7,"Reported in 7 edition(s), median used. Values: cbi_annual_review_1381_2002-03=-0.2; cbi_annual_review_1381_2002-03=742.0; cbi_annual_review_1382_2003-04=-0.1; cbi_annual_review_1382_2003-04=742.0; cbi_annual_review_1383_2004-05=742.0; cbi_annual_review_1384_2005-06=742.0; cbi_annual_review_1385_2006-07=742.0"
IRN,red_meat__production,"Meat, cattle+sheep+goat (red meat)",Production,red_meat,2003,752000.0,t,cbi-annual-review-livestock-table,7,"Reported in 7 edition(s), median used. Values: cbi_annual_review_1382_2003-04=5.1; cbi_annual_review_1382_2003-04=780.0; cbi_annual_review_1383_2004-05=1.3; cbi_annual_review_1383_2004-05=752.0; cbi_annual_review_1384_2005-06=752.0; cbi_annual_review_1385_2006-07=752.0; cbi_annual_review_1386_2007-08=752.0"
IRN,red_meat__production,"Meat, cattle+sheep+goat (red meat)",Production,red_meat,2004,785000.0,t,cbi-annual-review-livestock-table,7,"Reported in 7 edition(s), median used. Values: cbi_annual_review_1383_2004-05=4.4; cbi_annual_review_1383_2004-05=785.0; cbi_annual_review_1384_2005-06=4.4; cbi_annual_review_1384_2005-06=785.0; cbi_annual_review_1385_2006-07=785.0; cbi_annual_review_1386_2007-08=785.0; cbi_annual_review_1387_2008-09=785.0"
IRN,red_meat__production,"Meat, cattle+sheep+goat (red meat)",Production,red_meat,2005,800000.0,t,cbi-annual-review-livestock-table,7,"Reported in 7 edition(s), median used. Values: cbi_annual_review_1384_2005-06=1.9; cbi_annual_review_1384_2005-06=800.0; cbi_annual_review_1385_2006-07=1.9; cbi_annual_review_1385_2006-07=800.0; cbi_annual_review_1386_2007-08=800.0; cbi_annual_review_1387_2008-09=800.0; cbi_annual_review_1388_2009-10=800.0"
IRN,red_meat__production,"Meat, cattle+sheep+goat (red meat)",Production,red_meat,2006,829000.0,t,cbi-annual-review-livestock-table,7,"Reported in 7 edition(s), median used. Values: cbi_annual_review_1385_2006-07=3.6; cbi_annual_review_1385_2006-07=829.0; cbi_annual_review_1386_2007-08=3.6; cbi_annual_review_1386_2007-08=829.0; cbi_annual_review_1387_2008-09=829.0; cbi_annual_review_1388_2009-10=829.0; cbi_annual_review_1389_2010-11=829.0"
IRN,red_meat__production,"Meat, cattle+sheep+goat (red meat)",Production,red_meat,2007,866000.0,t,cbi-annual-review-livestock-table,7,"Reported in 7 edition(s), median used. Values: cbi_annual_review_1386_2007-08=4.5; cbi_annual_review_1386_2007-08=866.0; cbi_annual_review_1387_2008-09=4.4; cbi_annual_review_1387_2008-09=866.0; cbi_annual_review_1388_2009-10=866.0; cbi_annual_review_1389_2010-11=866.0; cbi_annual_review_1390_2011-12=866.0"
IRN,red_meat__production,"Meat, cattle+sheep+goat (red meat)",Production,red_meat,2008,870000.0,t,cbi-annual-review-livestock-table,7,"Reported in 7 edition(s), median used. Values: cbi_annual_review_1387_2008-09=0.5; cbi_annual_review_1387_2008-09=870.0; cbi_annual_review_1388_2009-10=0.5; cbi_annual_review_1388_2009-10=870.0; cbi_annual_review_1389_2010-11=870.0; cbi_annual_review_1390_2011-12=870.0; cbi_annual_review_1391_2012-13=870.0"
IRN,red_meat__production,"Meat, cattle+sheep+goat (red meat)",Production,red_meat,2009,802500.0,t,cbi-annual-review-livestock-table,8,"Reported in 8 edition(s), median used. Values: cbi_annual_review_1388_2009-10=3.7; cbi_annual_review_1388_2009-10=902.0; cbi_annual_review_1389_2010-11=3.7; cbi_annual_review_1389_2010-11=7.0; cbi_annual_review_1389_2010-11=902.0; cbi_annual_review_1390_2011-12=902.0; cbi_annual_review_1391_2012-13=902.0; cbi_annual_review_1392_2013-14=703.0"
IRN,red_meat__production,"Meat, cattle+sheep+goat (red meat)",Production,red_meat,2010,738000.0,t,cbi-annual-review-livestock-table,9,"Reported in 9 edition(s), median used. Values: cbi_annual_review_1389_2010-11=3.5; cbi_annual_review_1389_2010-11=6.8; cbi_annual_review_1389_2010-11=934.0; cbi_annual_review_1390_2011-12=3.5; cbi_annual_review_1390_2011-12=6.9; cbi_annual_review_1390_2011-12=934.0; cbi_annual_review_1391_2012-13=934.0; cbi_annual_review_1392_2013-14=738.0; cbi_annual_review_1393_2014-15=738.0"
IRN,red_meat__production,"Meat, cattle+sheep+goat (red meat)",Production,red_meat,2011,741000.0,t,cbi-annual-review-livestock-table,9,"Reported in 9 edition(s), median used. Values: cbi_annual_review_1390_2011-12=3.6; cbi_annual_review_1390_2011-12=6.8; cbi_annual_review_1390_2011-12=967.0; cbi_annual_review_1391_2012-13=3.6; cbi_annual_review_1391_2012-13=6.8; cbi_annual_review_1391_2012-13=967.0; cbi_annual_review_1392_2013-14=741.0; cbi_annual_review_1393_2014-15=741.0; cbi_annual_review_1394_2015-16=741.0"
IRN,red_meat__production,"Meat, cattle+sheep+goat (red meat)",Production,red_meat,2012,747000.0,t,cbi-annual-review-livestock-table,9,"Reported in 9 edition(s), median used. Values: cbi_annual_review_1391_2012-13=3.1; cbi_annual_review_1391_2012-13=6.6; cbi_annual_review_1391_2012-13=997.0; cbi_annual_review_1392_2013-14=0.8; cbi_annual_review_1392_2013-14=6.5; cbi_annual_review_1392_2013-14=747.0; cbi_annual_review_1393_2014-15=747.0; cbi_annual_review_1394_2015-16=747.0; cbi_annual_review_1395_2016-17=747.0"
IRN,red_meat__production,"Meat, cattle+sheep+goat (red meat)",Production,red_meat,2013,755000.0,t,cbi-annual-review-livestock-table,9,"Reported in 9 edition(s), median used. Values: cbi_annual_review_1392_2013-14=2.1; cbi_annual_review_1392_2013-14=6.2; cbi_annual_review_1392_2013-14=763.0; cbi_annual_review_1393_2014-15=1.1; cbi_annual_review_1393_2014-15=6.3; cbi_annual_review_1393_2014-15=755.0; cbi_annual_review_1394_2015-16=755.0; cbi_annual_review_1395_2016-17=755.0; cbi_annual_review_1396_2016-17=755.0"
IRN,red_meat__production,"Meat, cattle+sheep+goat (red meat)",Production,red_meat,2014,785000.0,t,cbi-annual-review-livestock-table,9,"Reported in 9 edition(s), median used. Values: cbi_annual_review_1393_2014-15=4.0; cbi_annual_review_1393_2014-15=6.2; cbi_annual_review_1393_2014-15=785.0; cbi_annual_review_1394_2015-16=4.0; cbi_annual_review_1394_2015-16=6.2; cbi_annual_review_1394_2015-16=785.0; cbi_annual_review_1395_2016-17=785.0; cbi_annual_review_1396_2016-17=785.0; cbi_annual_review_1397_2018-19=785.0"
IRN,red_meat__production,"Meat, cattle+sheep+goat (red meat)",Production,red_meat,2015,806000.0,t,cbi-annual-review-livestock-table,9,"Reported in 9 edition(s), median used. Values: cbi_annual_review_1394_2015-16=2.7; cbi_annual_review_1394_2015-16=6.2; cbi_annual_review_1394_2015-16=806.0; cbi_annual_review_1395_2016-17=2.7; cbi_annual_review_1395_2016-17=6.2; cbi_annual_review_1395_2016-17=806.0; cbi_annual_review_1396_2016-17=806.0; cbi_annual_review_1397_2018-19=806.0; cbi_annual_review_1398_2019-20=806.0"
IRN,red_meat__production,"Meat, cattle+sheep+goat (red meat)",Production,red_meat,2016,823000.0,t,cbi-annual-review-livestock-table,9,"Reported in 9 edition(s), median used. Values: cbi_annual_review_1395_2016-17=2.1; cbi_annual_review_1395_2016-17=6.1; cbi_annual_review_1395_2016-17=823.0; cbi_annual_review_1396_2016-17=2.1; cbi_annual_review_1396_2016-17=6.1; cbi_annual_review_1396_2016-17=823.0; cbi_annual_review_1397_2018-19=823.0; cbi_annual_review_1398_2019-20=823.0; cbi_annual_review_1399_2020-21=823.0"
IRN,red_meat__production,"Meat, cattle+sheep+goat (red meat)",Production,red_meat,2017,835000.0,t,cbi-annual-review-livestock-table,9,"Reported in 9 edition(s), median used. Values: cbi_annual_review_1396_2016-17=1.5; cbi_annual_review_1396_2016-17=5.9; cbi_annual_review_1396_2016-17=835.0; cbi_annual_review_1397_2018-19=1.5; cbi_annual_review_1397_2018-19=5.9; cbi_annual_review_1397_2018-19=835.0; cbi_annual_review_1398_2019-20=835.0; cbi_annual_review_1399_2020-21=835.0; cbi_annual_review_1400_2021-22=835.0"
IRN,red_meat__production,"Meat, cattle+sheep+goat (red meat)",Production,red_meat,2018,830000.0,t,cbi-annual-review-livestock-table,9,"Reported in 9 edition(s), median used. Values: cbi_annual_review_1397_2018-19=-0.7; cbi_annual_review_1397_2018-19=5.6; cbi_annual_review_1397_2018-19=830.0; cbi_annual_review_1398_2019-20=-0.7; cbi_annual_review_1398_2019-20=5.6; cbi_annual_review_1398_2019-20=830.0; cbi_annual_review_1399_2020-21=830.0; cbi_annual_review_1400_2021-22=830.0; cbi_annual_review_1401_2022-23=830.0"
IRN,red_meat__production,"Meat, cattle+sheep+goat (red meat)",Production,red_meat,2019,432250.0,t,cbi-annual-review-livestock-table,8,"Reported in 8 edition(s), median used. Values: cbi_annual_review_1398_2019-20=3.6; cbi_annual_review_1398_2019-20=5.5; cbi_annual_review_1398_2019-20=859.0; cbi_annual_review_1399_2020-21=3.6; cbi_annual_review_1399_2020-21=5.5; cbi_annual_review_1399_2020-21=859.0; cbi_annual_review_1400_2021-22=859.0; cbi_annual_review_1401_2022-23=859.0"
IRN,red_meat__production,"Meat, cattle+sheep+goat (red meat)",Production,red_meat,2020,5500.0,t,cbi-annual-review-livestock-table,7,"Reported in 7 edition(s), median used. Values: cbi_annual_review_1399_2020-21=2.9; cbi_annual_review_1399_2020-21=5.5; cbi_annual_review_1399_2020-21=884.0; cbi_annual_review_1400_2021-22=2.9; cbi_annual_review_1400_2021-22=5.5; cbi_annual_review_1400_2021-22=884.0; cbi_annual_review_1401_2022-23=884.0"
IRN,red_meat__production,"Meat, cattle+sheep+goat (red meat)",Production,red_meat,2021,5700.0,t,cbi-annual-review-livestock-table,6,"Reported in 6 edition(s), median used. Values: cbi_annual_review_1400_2021-22=2.8; cbi_annual_review_1400_2021-22=5.7; cbi_annual_review_1400_2021-22=909.0; cbi_annual_review_1401_2022-23=2.8; cbi_annual_review_1401_2022-23=5.7; cbi_annual_review_1401_2022-23=909.0"
IRN,red_meat__production,"Meat, cattle+sheep+goat (red meat)",Production,red_meat,2022,5500.0,t,cbi-annual-review-livestock-table,3,"Reported in 3 edition(s), median used. Values: cbi_annual_review_1401_2022-23=-1.0; cbi_annual_review_1401_2022-23=5.5; cbi_annual_review_1401_2022-23=900.0"
